# Migration is number of nodes that have changed color.

Round		Edge-Cut		Swaps		Migrations		Skipped
0		90428		2288		2118
1		59797		3670		2031
2		50946		4358		2045
3		45859		4750		2039
4		44113		4967		2033
5		43058		5142		2038
6		42393		5273		2027
7		42115		5349		2021
8		41877		5429		2022
9		41656		5497		2024
10		41527		5548		2029
11		41427		5599		2032
12		41340		5639		2034
13		41316		5678		2039
14		41303		5700		2038
15		41188		5734		2041
16		41160		5752		2032
17		41127		5773		2029
18		41103		5798		2034
19		41082		5818		2031
20		41059		5836		2031
21		41046		5851		2033
22		41041		5865		2027
23		41037		5877		2027
24		41019		5892		2025
25		41014		5901		2026
26		41012		5915		2028
27		40989		5931		2028
28		40988		5936		2029
29		40991		5939		2027
30		40975		5948		2024
31		40968		5956		2025
32		40958		5966		2026
33		40949		5974		2025
34		40951		5982		2024
35		40950		5988		2024
36		40950		5991		2024
37		40952		5999		2024
38		40949		6010		2024
39		40949		6019		2024
40		40960		6033		2021
41		40950		6050		2024
42		40929		6061		2025
43		40931		6073		2028
44		40929		6080		2030
45		40927		6089		2032
46		40930		6097		2031
47		40927		6101		2028
48		40927		6105		2031
49		40924		6110		2028
50		40927		6114		2028
51		40922		6117		2029
52		40921		6123		2031
53		40922		6127		2032
54		40921		6130		2032
55		40907		6135		2028
56		40900		6140		2032
57		40898		6143		2032
58		40896		6148		2032
59		40890		6152		2031
60		40894		6157		2031
61		40893		6160		2032
62		40891		6164		2030
63		40892		6167		2031
64		40890		6170		2031
65		40890		6174		2033
66		40889		6177		2033
67		40889		6182		2028
68		40891		6186		2027
69		40890		6189		2029
70		40887		6194		2027
71		40879		6199		2031
72		40879		6201		2029
73		40881		6204		2028
74		40882		6206		2029
75		40882		6208		2031
76		40882		6212		2029
77		40881		6215		2028
78		40880		6223		2030
79		40880		6231		2033
80		40894		6254		2035
81		40892		6268		2035
82		40885		6282		2027
83		40884		6286		2025
84		40884		6291		2026
85		40887		6303		2027
86		40881		6310		2027
87		40879		6318		2026
88		40880		6322		2024
89		40881		6325		2026
90		40880		6331		2024
91		40879		6333		2022
92		40879		6335		2022
93		40879		6336		2022
94		40879		6339		2024
95		40879		6345		2025
96		40879		6347		2026
97		40879		6347		2026
98		40876		6353		2025
99		40877		6356		2025
100		40874		6358		2024
101		40873		6360		2028
102		40872		6365		2030
103		40871		6366		2028
104		40871		6366		2028
105		40871		6367		2029
106		40871		6372		2029
107		40871		6374		2029
108		40871		6379		2030
109		40872		6383		2029
110		40872		6385		2029
111		40874		6388		2030
112		40872		6391		2029
113		40871		6394		2030
114		40871		6396		2031
115		40871		6397		2032
116		40870		6399		2029
117		40869		6403		2029
118		40869		6403		2029
119		40869		6406		2030
120		40899		6429		2032
121		40892		6448		2035
122		40891		6463		2035
123		40883		6480		2034
124		40880		6494		2031
125		40881		6509		2030
126		40876		6522		2030
127		40873		6530		2030
128		40870		6535		2029
129		40870		6536		2028
130		40870		6538		2027
131		40869		6541		2028
132		40873		6550		2029
133		40870		6555		2027
134		40869		6559		2025
135		40869		6564		2025
136		40869		6571		2023
137		40867		6573		2024
138		40867		6575		2024
139		40867		6575		2024
140		40869		6581		2024
141		40867		6584		2027
142		40867		6588		2026
143		40867		6590		2025
144		40867		6594		2026
145		40868		6598		2027
146		40867		6600		2027
147		40867		6602		2027
148		40867		6604		2026
149		40867		6605		2026
150		40867		6606		2026
151		40867		6608		2026
152		40867		6613		2026
153		40867		6616		2027
154		40867		6617		2027
155		40867		6620		2028
156		40867		6622		2028
157		40866		6627		2028
158		40866		6629		2026
159		40866		6631		2027
160		40881		6643		2027
161		40874		6656		2026
162		40871		6665		2024
163		40869		6672		2029
164		40868		6674		2029
165		40868		6678		2027
166		40867		6683		2025
167		40866		6684		2025
168		40866		6685		2026
169		40866		6685		2026
170		40868		6686		2026
171		40867		6691		2025
172		40867		6694		2026
173		40866		6699		2027
174		40866		6702		2026
175		40866		6705		2026
176		40866		6705		2026
177		40866		6709		2028
178		40866		6712		2026
179		40868		6717		2026
180		40867		6720		2023
181		40867		6722		2024
182		40867		6728		2024
183		40869		6732		2027
184		40869		6737		2025
185		40866		6742		2025
186		40866		6747		2023
187		40866		6749		2024
188		40866		6754		2025
189		40867		6758		2025
190		40868		6761		2027
191		40869		6765		2027
192		40870		6772		2025
193		40870		6777		2026
194		40869		6786		2025
195		40868		6791		2025
196		40869		6795		2027
197		40868		6798		2025
198		40869		6800		2023
199		40867		6803		2026
200		40883		6814		2032
201		40875		6830		2032
202		40872		6842		2033
203		40872		6847		2032
204		40873		6852		2029
205		40872		6855		2030
206		40875		6863		2025
207		40873		6874		2028
208		40869		6880		2031
209		40873		6885		2032
210		40876		6889		2031
211		40873		6894		2032
212		40872		6897		2030
213		40872		6899		2030
214		40872		6900		2031
215		40872		6908		2032
216		40870		6913		2032
217		40873		6921		2030
218		40871		6927		2027
219		40869		6931		2028
220		40869		6932		2029
221		40868		6935		2029
222		40868		6939		2029
223		40868		6941		2029
224		40869		6948		2030
225		40869		6950		2032
226		40867		6954		2032
227		40866		6959		2036
228		40866		6962		2033
229		40866		6964		2030
230		40868		6966		2031
231		40866		6970		2033
232		40866		6972		2034
233		40865		6974		2035
234		40865		6977		2033
235		40865		6979		2031
236		40865		6979		2031
237		40865		6979		2031
238		40865		6979		2031
239		40865		6983		2028
240		40881		6997		2030
241		40881		7005		2029
242		40877		7013		2026
243		40876		7017		2029
244		40873		7024		2027
245		40873		7033		2029
246		40873		7039		2029
247		40873		7041		2028
248		40873		7046		2030
249		40869		7050		2030
250		40868		7057		2030
251		40868		7058		2029
252		40867		7060		2030
253		40869		7062		2030
254		40868		7064		2030
255		40864		7067		2030
256		40864		7068		2030
257		40864		7070		2031
258		40864		7071		2031
259		40864		7074		2032
260		40864		7076		2031
261		40864		7076		2031
262		40865		7081		2032
263		40864		7085		2031
264		40864		7087		2030
265		40864		7088		2030
266		40866		7095		2029
267		40866		7102		2027
268		40866		7106		2028
269		40866		7111		2030
270		40865		7115		2030
271		40865		7118		2030
272		40864		7121		2031
273		40864		7122		2032
274		40864		7123		2031
275		40864		7125		2030
276		40864		7127		2028
277		40864		7130		2028
278		40865		7133		2026
279		40864		7137		2026
280		40871		7149		2028
281		40870		7154		2027
282		40871		7162		2029
283		40872		7170		2030
284		40872		7179		2028
285		40872		7188		2024
286		40872		7192		2022
287		40868		7198		2025
288		40870		7207		2025
289		40867		7210		2026
290		40865		7211		2027
291		40865		7214		2024
292		40864		7216		2023
293		40866		7217		2024
294		40864		7221		2024
295		40864		7221		2024
296		40863		7223		2026
297		40863		7225		2026
298		40863		7226		2026
299		40863		7229		2026
300		40862		7230		2026
301		40862		7231		2025
302		40862		7232		2023
303		40864		7233		2024
304		40863		7236		2024
305		40862		7238		2026
306		40862		7240		2028
307		40862		7241		2027
308		40862		7242		2028
309		40862		7242		2028
310		40862		7243		2028
311		40862		7245		2028
312		40862		7246		2029
313		40862		7247		2028
314		40862		7247		2028
315		40862		7249		2029
316		40862		7249		2029
317		40862		7251		2027
318		40862		7253		2028
319		40862		7253		2028
320		40882		7273		2026
321		40876		7285		2029
322		40869		7296		2028
323		40871		7302		2031
324		40870		7307		2030
325		40865		7312		2029
326		40865		7314		2030
327		40867		7317		2030
328		40866		7320		2029
329		40866		7321		2029
330		40866		7322		2029
331		40864		7326		2031
332		40864		7326		2031
333		40864		7328		2032
334		40864		7328		2032
335		40864		7329		2032
336		40864		7329		2032
337		40865		7338		2032
338		40868		7345		2034
339		40866		7351		2032
340		40866		7351		2032
341		40866		7354		2033
342		40865		7357		2034
343		40866		7359		2033
344		40865		7362		2035
345		40864		7363		2035
346		40864		7365		2034
347		40864		7365		2034
348		40864		7366		2033
349		40864		7368		2033
350		40863		7370		2033
351		40862		7374		2031
352		40864		7376		2031
353		40862		7380		2032
354		40862		7381		2033
355		40862		7385		2033
356		40863		7391		2034
357		40864		7396		2033
358		40863		7401		2034
359		40865		7402		2035
360		40885		7422		2032
361		40887		7435		2033
362		40884		7444		2030
363		40882		7451		2032
364		40878		7460		2030
365		40875		7466		2027
366		40873		7471		2026
367		40873		7477		2028
368		40870		7485		2029
369		40870		7491		2030
370		40869		7494		2032
371		40869		7497		2031
372		40868		7501		2032
373		40868		7506		2032
374		40869		7512		2031
375		40868		7518		2031
376		40868		7523		2031
377		40868		7530		2030
378		40868		7537		2029
379		40868		7540		2029
380		40868		7543		2029
381		40869		7548		2029
382		40869		7552		2029
383		40867		7557		2027
384		40867		7564		2024
385		40868		7571		2023
386		40867		7579		2022
387		40866		7582		2022
388		40866		7586		2025
389		40867		7590		2024
390		40866		7598		2025
391		40866		7605		2023
392		40864		7608		2022
393		40863		7611		2024
394		40862		7615		2024
395		40862		7619		2027
396		40862		7622		2026
397		40864		7625		2027
398		40864		7632		2025
399		40864		7634		2025
400		40873		7645		2023
401		40870		7652		2022
402		40869		7661		2022
403		40867		7670		2019
404		40867		7676		2021
405		40865		7679		2020
406		40863		7683		2018
407		40865		7689		2017
408		40864		7692		2015
409		40862		7695		2018
410		40862		7697		2017
411		40862		7698		2017
412		40862		7699		2017
413		40862		7700		2017
414		40862		7700		2017
415		40862		7701		2017
416		40862		7702		2018
417		40862		7703		2020
418		40862		7703		2020
419		40862		7705		2019
420		40862		7707		2020
421		40862		7708		2019
422		40862		7709		2020
423		40862		7712		2020
424		40862		7714		2020
425		40862		7715		2021
426		40862		7718		2024
427		40862		7718		2024
428		40862		7720		2026
429		40863		7726		2024
430		40863		7726		2024
431		40863		7727		2026
432		40863		7728		2025
433		40863		7729		2025
434		40863		7732		2027
435		40863		7734		2029
436		40863		7735		2027
437		40863		7735		2027
438		40863		7737		2027
439		40863		7738		2027
440		40879		7755		2025
441		40872		7767		2025
442		40871		7777		2026
443		40868		7783		2024
444		40867		7791		2028
445		40870		7800		2025
446		40866		7803		2026
447		40864		7806		2025
448		40864		7809		2028
449		40864		7810		2028
450		40864		7812		2031
451		40864		7815		2029
452		40864		7816		2028
453		40865		7819		2028
454		40865		7820		2027
455		40865		7823		2027
456		40865		7827		2025
457		40865		7832		2026
458		40865		7834		2026
459		40865		7838		2025
460		40865		7841		2026
461		40864		7847		2027
462		40863		7852		2029
463		40863		7853		2030
464		40862		7857		2029
465		40862		7857		2029
466		40862		7860		2030
467		40862		7860		2030
468		40862		7861		2030
469		40862		7863		2030
470		40862		7864		2029
471		40862		7864		2029
472		40862		7865		2030
473		40862		7866		2029
474		40862		7866		2029
475		40861		7868		2027
476		40861		7868		2027
477		40861		7870		2028
478		40861		7871		2027
479		40861		7871		2027
480		40871		7885		2019
481		40868		7890		2022
482		40867		7893		2025
483		40866		7897		2024
484		40866		7901		2023
485		40866		7904		2026
486		40866		7910		2027
487		40867		7915		2027
488		40866		7919		2025
489		40867		7923		2026
490		40868		7929		2028
491		40865		7936		2025
492		40865		7939		2024
493		40865		7941		2023
494		40865		7944		2023
495		40864		7948		2026
496		40864		7949		2025
497		40864		7950		2026
498		40863		7953		2026
499		40863		7956		2026
500		40863		7959		2025
501		40863		7961		2025
502		40863		7967		2024
503		40863		7972		2027
504		40863		7979		2026
505		40863		7984		2023
506		40863		7988		2024
507		40866		7991		2025
508		40863		7996		2024
509		40865		8003		2024
510		40866		8006		2026
511		40864		8008		2026
512		40863		8012		2023
513		40863		8013		2024
514		40865		8015		2026
515		40865		8015		2026
516		40863		8018		2026
517		40863		8021		2028
518		40862		8022		2027
519		40862		8023		2026
520		40871		8034		2025
521		40870		8035		2024
522		40867		8041		2023
523		40868		8047		2023
524		40867		8051		2022
525		40866		8054		2023
526		40866		8055		2023
527		40866		8058		2024
528		40866		8061		2025
529		40866		8063		2023
530		40868		8065		2023
531		40868		8067		2024
532		40868		8072		2024
533		40868		8082		2023
534		40867		8086		2024
535		40867		8089		2025
536		40868		8097		2026
537		40875		8110		2026
538		40870		8127		2028
539		40868		8143		2024
540		40868		8153		2027
541		40865		8158		2029
542		40863		8165		2028
543		40863		8169		2029
544		40860		8175		2029
545		40860		8179		2029
546		40859		8182		2029
547		40859		8183		2028
548		40859		8184		2030
549		40858		8189		2027
550		40858		8190		2028
551		40857		8193		2027
552		40857		8194		2028
553		40856		8196		2025
554		40856		8197		2024
555		40856		8197		2024
556		40856		8199		2022
557		40856		8201		2022
558		40856		8206		2022
559		40859		8208		2024
560		40869		8222		2022
561		40865		8230		2022
562		40859		8239		2024
563		40860		8241		2024
564		40859		8247		2025
565		40859		8250		2026
566		40858		8253		2027
567		40857		8260		2026
568		40859		8266		2028
569		40858		8271		2027
570		40858		8275		2024
571		40857		8278		2025
572		40857		8279		2024
573		40858		8283		2027
574		40856		8286		2028
575		40856		8289		2029
576		40856		8292		2028
577		40855		8295		2030
578		40855		8298		2030
579		40854		8300		2030
580		40854		8303		2028
581		40854		8306		2029
582		40853		8311		2029
583		40854		8313		2029
584		40853		8316		2027
585		40855		8319		2027
586		40853		8323		2029
587		40855		8326		2027
588		40855		8329		2026
589		40853		8330		2027
590		40853		8331		2026
591		40855		8334		2025
592		40855		8336		2025
593		40853		8339		2023
594		40853		8340		2023
595		40853		8342		2025
596		40853		8344		2025
597		40853		8344		2025
598		40853		8344		2025
599		40853		8345		2026
600		40867		8359		2031
601		40868		8364		2031
602		40867		8371		2031
603		40863		8376		2029
604		40864		8381		2029
605		40861		8383		2028
606		40862		8387		2026
607		40858		8395		2022
608		40858		8401		2020
609		40857		8405		2020
610		40859		8411		2023
611		40858		8415		2023
612		40857		8419		2021
613		40856		8423		2021
614		40856		8426		2021
615		40854		8428		2020
616		40854		8429		2020
617		40854		8430		2020
618		40854		8434		2020
619		40854		8439		2020
620		40856		8443		2021
621		40854		8447		2019
622		40856		8449		2020
623		40856		8452		2019
624		40854		8454		2019
625		40854		8458		2023
626		40855		8463		2026
627		40854		8465		2027
628		40854		8466		2026
629		40853		8470		2025
630		40853		8475		2026
631		40853		8476		2025
632		40853		8477		2024
633		40853		8478		2026
634		40853		8479		2025
635		40855		8484		2025
636		40855		8487		2027
637		40857		8492		2027
638		40856		8496		2027
639		40855		8497		2027
640		40872		8511		2025
641		40872		8524		2028
642		40868		8532		2026
643		40863		8544		2024
644		40861		8549		2025
645		40861		8553		2024
646		40864		8562		2026
647		40863		8566		2027
648		40863		8572		2029
649		40862		8577		2027
650		40860		8584		2027
651		40859		8590		2027
652		40860		8593		2028
653		40858		8594		2028
654		40857		8597		2028
655		40856		8600		2026
656		40856		8603		2027
657		40856		8605		2028
658		40855		8606		2028
659		40855		8606		2028
660		40855		8608		2025
661		40855		8608		2025
662		40855		8609		2025
663		40855		8612		2024
664		40854		8616		2025
665		40853		8619		2026
666		40853		8619		2026
667		40853		8619		2026
668		40853		8619		2026
669		40853		8619		2026
670		40853		8620		2027
671		40853		8621		2026
672		40853		8621		2026
673		40853		8622		2026
674		40853		8623		2027
675		40853		8624		2028
676		40853		8624		2028
677		40853		8625		2028
678		40853		8626		2027
679		40853		8627		2027
680		40875		8645		2028
681		40870		8656		2029
682		40867		8666		2028
683		40867		8675		2024
684		40865		8681		2021
685		40865		8686		2020
686		40864		8689		2023
687		40863		8690		2024
688		40863		8690		2024
689		40863		8692		2026
690		40860		8695		2027
691		40859		8699		2027
692		40859		8700		2027
693		40859		8704		2028
694		40859		8706		2026
695		40859		8706		2026
696		40858		8710		2027
697		40858		8711		2026
698		40858		8712		2027
699		40856		8715		2025
700		40856		8716		2026
701		40855		8720		2025
702		40856		8723		2025
703		40855		8726		2024
704		40855		8727		2024
705		40854		8731		2024
706		40856		8733		2025
707		40854		8734		2025
708		40854		8736		2025
709		40854		8737		2024
710		40854		8740		2026
711		40854		8742		2025
712		40856		8743		2025
713		40854		8745		2024
714		40854		8747		2022
715		40854		8750		2024
716		40856		8753		2028
717		40854		8755		2028
718		40854		8756		2029
719		40853		8758		2028
720		40866		8767		2027
721		40865		8774		2030
722		40862		8783		2028
723		40857		8790		2028
724		40857		8791		2028
725		40859		8798		2028
726		40858		8800		2027
727		40857		8804		2029
728		40856		8807		2028
729		40857		8814		2025
730		40856		8816		2026
731		40857		8820		2028
732		40857		8825		2028
733		40855		8829		2030
734		40857		8832		2033
735		40858		8842		2032
736		40857		8848		2031
737		40855		8853		2028
738		40857		8856		2028
739		40854		8861		2027
740		40855		8867		2026
741		40855		8870		2026
742		40857		8875		2026
743		40856		8879		2029
744		40854		8882		2029
745		40854		8883		2030
746		40854		8884		2031
747		40853		8888		2031
748		40852		8890		2031
749		40852		8890		2031
750		40852		8891		2032
751		40852		8892		2032
752		40852		8894		2030
753		40852		8894		2030
754		40852		8896		2030
755		40852		8896		2030
756		40852		8896		2030
757		40852		8899		2027
758		40852		8901		2027
759		40854		8902		2028
760		40873		8914		2026
761		40869		8920		2025
762		40863		8929		2029
763		40863		8934		2030
764		40862		8939		2029
765		40862		8944		2030
766		40860		8950		2031
767		40860		8956		2034
768		40860		8959		2033
769		40859		8963		2030
770		40860		8965		2029
771		40858		8968		2031
772		40858		8971		2029
773		40858		8973		2030
774		40859		8977		2029
775		40859		8984		2029
776		40858		8987		2029
777		40859		8989		2029
778		40858		8994		2025
779		40859		8996		2026
780		40858		9000		2025
781		40857		9002		2025
782		40856		9009		2020
783		40856		9009		2020
784		40856		9012		2018
785		40856		9015		2018
786		40855		9018		2018
787		40855		9018		2018
788		40855		9019		2020
789		40855		9024		2022
790		40855		9025		2022
791		40857		9027		2022
792		40854		9029		2020
793		40856		9030		2020
794		40854		9035		2020
795		40855		9038		2019
796		40855		9040		2019
797		40855		9044		2021
798		40855		9044		2021
799		40854		9045		2020
800		40860		9055		2019
801		40859		9057		2019
802		40859		9061		2021
803		40859		9062		2020
804		40859		9065		2021
805		40858		9067		2022
806		40859		9071		2020
807		40858		9074		2022
808		40857		9076		2023
809		40857		9077		2022
810		40854		9081		2020
811		40854		9081		2020
812		40854		9084		2020
813		40854		9085		2021
814		40854		9090		2022
815		40854		9093		2024
816		40854		9094		2024
817		40854		9094		2024
818		40854		9095		2024
819		40854		9095		2024
820		40854		9096		2023
821		40854		9096		2023
822		40854		9097		2022
823		40856		9099		2021
824		40856		9100		2020
825		40856		9101		2021
826		40854		9104		2021
827		40853		9106		2024
828		40853		9108		2022
829		40853		9111		2020
830		40853		9113		2021
831		40853		9115		2021
832		40853		9118		2019
833		40853		9118		2019
834		40853		9118		2019
835		40853		9118		2019
836		40853		9120		2018
837		40853		9122		2020
838		40853		9123		2021
839		40853		9125		2022
840		40860		9132		2021
841		40856		9134		2021
842		40855		9136		2020
843		40855		9139		2020
844		40855		9139		2020
845		40855		9139		2020
846		40855		9141		2020
847		40854		9145		2018
848		40854		9147		2020
849		40854		9150		2020
850		40857		9153		2020
851		40856		9159		2022
852		40856		9164		2025
853		40856		9165		2024
854		40855		9170		2022
855		40853		9173		2021
856		40853		9174		2022
857		40853		9176		2024
858		40853		9177		2023
859		40853		9177		2023
860		40852		9180		2024
861		40852		9181		2025
862		40852		9183		2024
863		40852		9184		2023
864		40852		9185		2024
865		40852		9185		2024
866		40852		9185		2024
867		40852		9186		2023
868		40852		9187		2022
869		40852		9189		2022
870		40852		9189		2022
871		40852		9191		2024
872		40852		9193		2025
873		40852		9196		2024
874		40852		9200		2020
875		40852		9200		2020
876		40852		9200		2020
877		40852		9202		2020
878		40852		9204		2021
879		40852		9205		2021
880		40867		9217		2018
881		40865		9221		2020
882		40864		9223		2020
883		40863		9231		2013
884		40862		9239		2013
885		40861		9241		2014
886		40860		9249		2018
887		40862		9257		2020
888		40862		9266		2017
889		40858		9275		2021
890		40855		9282		2020
891		40855		9283		2021
892		40855		9283		2021
893		40854		9286		2021
894		40854		9286		2021
895		40854		9286		2021
896		40854		9287		2021
897		40854		9289		2022
898		40854		9291		2024
899		40854		9294		2024
900		40854		9295		2025
901		40853		9297		2024
902		40853		9298		2025
903		40853		9301		2023
904		40853		9303		2022
905		40853		9304		2023
906		40853		9304		2023
907		40853		9304		2023
908		40853		9304		2023
909		40853		9307		2024
910		40853		9307		2024
911		40853		9308		2025
912		40853		9309		2024
913		40855		9310		2024
914		40855		9311		2025
915		40855		9314		2024
916		40854		9318		2024
917		40856		9321		2022
918		40855		9322		2021
919		40855		9326		2025
920		40874		9342		2020
921		40874		9350		2020
922		40873		9359		2024
923		40869		9364		2024
924		40866		9370		2027
925		40862		9372		2027
926		40860		9381		2027
927		40860		9382		2028
928		40861		9384		2028
929		40858		9390		2031
930		40858		9393		2031
931		40858		9395		2031
932		40855		9398		2031
933		40857		9404		2033
934		40857		9411		2031
935		40857		9414		2033
936		40859		9419		2031
937		40859		9425		2027
938		40855		9428		2031
939		40855		9430		2028
940		40855		9432		2029
941		40855		9433		2030
942		40856		9434		2031
943		40856		9434		2031
944		40856		9435		2031
945		40856		9437		2031
946		40856		9439		2028
947		40856		9439		2028
948		40856		9441		2029
949		40855		9444		2030
950		40855		9445		2030
951		40857		9448		2029
952		40855		9452		2029
953		40855		9452		2029
954		40855		9452		2029
955		40855		9454		2027
956		40855		9455		2027
957		40855		9457		2028
958		40857		9459		2028
959		40857		9460		2029
960		40867		9474		2029
961		40865		9483		2029
962		40865		9488		2029
963		40862		9494		2031
964		40861		9496		2031
965		40863		9499		2033
966		40862		9504		2036
967		40862		9509		2035
968		40862		9513		2035
969		40860		9519		2035
970		40860		9520		2033
971		40860		9520		2033
972		40858		9524		2031
973		40858		9525		2031
974		40859		9531		2032
975		40859		9532		2031
976		40857		9534		2030
977		40857		9535		2029
978		40857		9535		2029
979		40856		9538		2029
980		40856		9538		2029
981		40856		9539		2029
982		40856		9539		2029
983		40855		9542		2031
984		40855		9542		2031
985		40855		9542		2031
986		40855		9542		2031
987		40855		9542		2031
988		40855		9543		2030
989		40855		9543		2030
990		40855		9545		2031
991		40855		9546		2033
992		40855		9548		2032
993		40854		9550		2031
994		40854		9552		2030
995		40854		9552		2030
996		40854		9552		2030
997		40856		9554		2030
998		40854		9555		2030
999		40854		9556		2028
